epoch,train_loss,val_loss,seed,lr
0,"tensor(0.3104, device='cuda:0', grad_fn=<DivBackward0>)","tensor(0.3188, device='cuda:0')",3,0.0005
epoch,train_loss,val_loss,seed,lr
0,0.31055364467857244,0.3173944812606529,3,0.0005
1,0.2942428992507049,0.3112295651010436,3,0.0005
2,0.28893929255232725,0.3247665817258878,3,0.0005
3,0.2853974778850979,0.31289517201820793,3,0.0005
4,0.28233488344630014,0.3051841369955233,3,0.0005
5,0.27983517491231685,0.30712355599566454,3,0.0005
6,0.27738682061676556,0.3088795495484044,3,0.0005
7,0.27530939666949306,0.3043950018057242,3,0.0005
8,0.27295542203812506,0.325682560126903,3,0.0005
9,0.2709145046296082,0.3026495306648243,3,0.0005
10,0.26867908345499436,0.3018478363890012,3,0.0005
11,0.26646439833826097,0.3079040416234481,3,0.0005
12,0.26418749158877297,0.3045731703274004,3,0.0005
13,0.2620958069833053,0.3046939682644181,3,0.0005
14,0.2596597793594071,0.30876008989026965,3,0.00025
15,0.2571232038099717,0.3080922167559851,3,0.000125
