epoch,train_loss,val_loss,seed,lr
0,0.3108078930342286,0.32324602701749794,19,0.0005
1,0.29429095584041615,0.30992716759617017,19,0.0005
2,0.28900671754789764,0.3075983981201407,19,0.0005
3,0.28541464426578816,0.31272323956740566,19,0.0005
4,0.28225142277617493,0.311005055905935,19,0.0005
5,0.27965103617361875,0.30417503240510235,19,0.0005
6,0.2773073818382598,0.3122450354930969,19,0.0005
7,0.27512153395282907,0.3229809752722571,19,0.0005
8,0.2728419929470828,0.3015482525486157,19,0.0005
9,0.27064563084881255,0.301960483912563,19,0.0005
10,0.26846871855903004,0.30565656657073265,19,0.0005
11,0.26632943647892654,0.31753831016655254,19,0.0005
12,0.263929358588455,0.3157665450269959,19,0.00025
13,0.261770970890419,0.31325373195579465,19,0.000125
