epoch,train_loss,val_loss,seed,lr
0,0.31099265007561316,0.32159397393868705,6,0.0005
1,0.2941289941657391,0.3101574684982821,6,0.0005
2,0.2889449775835525,0.31087170377682755,6,0.0005
3,0.2853268659308914,0.3240640027976213,6,0.0005
4,0.28254286108496685,0.3108155836632615,6,0.0005
5,0.27979416533090956,0.31109508181530154,6,0.00025
6,0.277339433455813,0.30882098270123703,6,0.000125
7,0.275251172047454,0.30313489659307374,6,0.000125
8,0.27289424228514725,0.3025116378230698,6,0.000125
9,0.270772057588746,0.30236426265629784,6,0.000125
10,0.26872484930343316,0.30573606812522347,6,0.000125
11,0.2665370750618903,0.30566002938881404,6,0.000125
12,0.26430136319841446,0.30253297464444917,6,0.000125
13,0.2620713072540203,0.3722444360780263,6,6.25e-05
14,0.25962841542981807,0.3062493715977025,6,3.125e-05
